1073741824
1016442016
962199990
910852568
862245281
816231903
772674011
731440568
692407531
655457477
620479248
587367619
556022978
526351032
498262517
471672935
446502295
422674877
400119000
378766807
358554067
339419971
321306958
304160540
287929133
272563908
258018643
244249580
231215298
218876585
207196323
196139373
185672473
175764135
166384551
157505506
149100287
141143609
133611536
126481409
119731779
113342340
107293871
101568176
96148030
91017129
86160036
81562139
77209608
73089348
69188964
65496722
62001515
58692829
55560709
52595734
49788984
47132014
44616833
42235873
39981973
37848350
35828588
33916610