2146409906
2146409906
2146409906
2146409906
2146409906
2146409906
2146409906
2146409906
2146409906
2146409906
2146409906
2146409906
2146409906
2146409906
2146409906
2146409906
2146409906
2146409906
2146409906
2146409906
2146409906
2146409906
2146409906
2146409906
2146409906
2146409906
2146409906
2146409906
2146409906
2146409906
2146409906
2146409906
2146409906
2146409906
2146409906
2146409906
2146409906
2146409906
2146409906
2146409906
2146409906
2146409906
2146409906
2146409906
2146409906
2146409906
2146409906
2146409906
2146409906
2146409906
2146409906
2146409906
2146409906
2146409906
2146409906
2146409906
2146409906
2146409906
2146409906
2146409906
2146409906
2146409906
2146409906
2146409906
2146409906
2146409906
2146409906
2146409906
2146409906
2146409906
2146409906
2146409906
2146409906
2146409906
2146409906
2146409906
2146409906
2146409906
2146409906
2146409906
2146409906
2146409906
2146409906
2146409906
2146409906
2146409906
2146409906
2146409906
2146409906
2146409906
2146409906
2146409906
2146409906
2146409906
2146409906
2146409906
2146409906
2146409906
2146409906
2146409906
2146409906
2146409906
2146409906
2146409906
2146409906
2146409906
2146409906
2146409906
2146409906
2146409906
2146409906
2146409906
2146409906
2146409906
2146409906
2146409906
2146409906
2146409906
2146409906
2146409906
2146409906
2146409906
2146409906
2146409906
2146409906
2146409906
2146409906
2146409906
2146409906
2146409906
2146409906
2146409906
2146409906
2146409906
2146409906
2146409906
2146409906
2146409906
2146409906
2146409906
2146409906
2146409906
2146409906
2146409906
2146409906
2146409906
2146409906
2146409906
2146409906
2146409906
2146409906
2146409906
2146409906
2146409906
2146409906
2146409906
2146409906
2146409906
2146409906
2146409906
2146409906
2146409906
2146409906
2146409906
2146409906
2146409906
2146409906
2146409906
2146409906
2146409906
2146409906
2146409906
2146409906
2146409906
2146409906
2146409906
2146409906
2146409906
2146409906
2146409906
2146409906
2146409906
2146409906
2146409906
2146409906
2146409906
2146409906
2146409906
2146409906
2146409906
2146409906
2146409906
2146409906
2146409906
2146409906
2146409906
2146409906
2146409906
2146409906
2146409906
2146409906
2146409906
2146409906
2146409906
2146409906
2146409906
2146409906
2146409906
2146409906
2146409906
2146409906
2146409906
2146409906
2146409906
2146409906
2146409906
2146409906
2146409906
2146409906
2146409906
2146409906
2146409906
2146409906
2146409906
2146409906
2146409906
2146409906
2146409906
2146409906
2146409906
2146409906
2146409906
2146409906
2146409906
2146409906
2146409906
2146409906
2146409906
2146409906
2146409906
2146409906
2146409906
2146409906
2146409906
2146409906
2146409906
2146409906
2146409906
2146409906
2146409906
2146409906
2146409906
2146409906
2146409906
2146409906
2146409906
2146409906
2146409906
2146409906
2146409906
2146409906
2146409906
2146409906
2146409906
2146409906
2146409906
2146409906
2146409906
2146409906
2146409906
2146409906
2146409906
2146409906
2146409906
2146409906
2146409906
2146409906
2146409906
2146409906
2146409906
2146409906
2146409906
2146409906
2146409906
2146409906
2146409906
2146409906
2146409906
2146409906
2146409906
2146409906
2146409906
2146409906
2146409906
2146409906
2146409906
2146409906
2146409906
2146409906
2146409906
2146409906
2146409906
2146409906
2146409906
2146409906
2146409906
2146409906
2146409906
2146409906
2146409906
2146409906
2146409906
2146409906
2146409906
2146409906
2146409906
2146409906
2146409906
2146409906
2146409906
2146409906
2146409906
2146409906
2146409906
2146409906
2146409906
2146409906
2146409906
2146409906
2146409906
2146409906
2146409906
2146409906
2146409906
2146409906
2146409906
2146409906
2146409906
2146409906
2146409906
2146409906
2146409906
2146409906
2146409906
2146409906
2146409906
2146409906
2146409906
2146409906
2146409906
2146409906
2146409906
2146409906
2146409906
2146409906
2146409906
2146409906
2146409906
2146409906
2146409906
2146409906
2146409906
2146409906
2146409906
2146409906
2146409906
2146409906
2146409906
2146409906
2146409906
2146409906
2146409906
2146409906
2146409906
2146409906
2146409906
2146409906
2146409906
2146409906
2146409906
2146409906
2146409906
2146409906
2146409906
2146409906
2146409906
2146409906
2146409906
2146409906
2146409906
2146409906
2146409906
2146409906
2146409906
2146409906
2146409906
2146409906
2146409906
2146409906
2146409906
2146409906
2146409906
2146409906
2146409906
2146409906
2146409906
2146409906
2146409906
2146409906
2146409906
2146409906
2146409906
2146409906
2146409906
2146409906
2146409906
2146409906
2146409906
2146409906
2146409906
2146409906
2146409906
2146409906
2146409906
2146409906
2146409906
2146409906
2146409906
2146409906
2146409906
2146409906
2146409906
2146409906
2146409906
2146409906
2146409906
2146409906
2146409906
2146409906
2146409906
2146409906
2146409906
2146409906
2146409906
2146409906
2146409906
2146409906
2146409906
2146409906
2146409906
2146409906
2146409906
2146409906
2146409906
2146409906
2146409906
2146409906
2146409906
2146409906
2146409906
2146409906
2146409906
2146409906
2146409906
2146409906
2146409906
2146409906
2146409906
2146409906
2146409906
2146409906
2146409906
2146409906
2146409906
2146409906
2146409906
2146409906
2146409906
2146409906
2146409906
2146409906
2146409906
2146409906
2146409906
2146409906
2146409906
2146409906
2146409906
2146409906
2146409906
2146409906
2146409906
2146409906
2146409906
2146409906
2146409906
2146409906
2146409906
2146409906
2146409906
2146409906
2146409906
2146409906
2146409906
2146409906
2146409906
2146409906
2146409906
2146409906
2146409906
2146409906
2146409906
2146409906
2146409906
2146409906
2146409906
2146409906
2146409906
2146409906
2146409906
2146409906
2146409906
2146409906
2146409906
2146409906
2146409906
2146409906
2146409906
2146409906
2146409906
2146409906
2146409906
2146409906
2146409906
2146409906
2146409906
2146409906
2146409906
2146409906
2146409906
2146409906
2146409906
2146409906
2146409906
2146409906
2146409906
2146409906
2146409906
2146409906
2146409906
2146409906
2146409906
2146409906
2146409906
2146409906
2146409906
2146409906
2146409906
2146409906
2146409906
2146409906
2146409906
2146409906
2146409906
2146409906
2146409906
2146409906
2146409906
2146409906
2146409906
2146409906
2146409906
2146409906
2146409906
2146409906
2146409906
2146409906
2146409906
2146409906
2146409906
2146409906
2146409906
2146409906
2146409906
2146409906
2146409906
2146409906
2146409906
2146409906
2146409906
2146409906
2146409906
2146409906
2146409906
2146409906
2146409906
2146409906
2146409906
2146409906
2146409906
2146409906
2146409906
2146409906
2146409906
2146409906
2146409906
2146409906
2146409906
2146409906
2146409906
2146409906
2146409906
2146409906
2146409906
2146409906
2146409906
2146409906
2146409906
2146409906
2146409906
2146409906
2146409906
2146409906
2146409906
2146409906
2146409906
2146409906
2146409906
2146409906
2146409906
2146409906
2146409906
2146409906
2146409906
2146409906
2146409906
2146409906
2146409906
2146409906
2146409906
2146409906
2146409906
2146409906
2146409906
2146409906
2146409906
2146409906
2146409906
2146409906
2146409906
2146409906
2146409906
2146409906
2146409906
2146409906
2146409906
2146409906
2146409906
2146409906
2146409906
2146409906
2146409906
2146409906
2146409906
2146409906
2146409906
2146409906
2146409906
2146409906
2146409906
2146409906
2146409906
2146409906
2146409906
2146409906
2146409906
2146409906
2146409906
2146409906
2146409906
2146409906
2146409906
2146409906
2146409906
2146409906
2146409906
2146409906
2146409906
2146409906
2146409906
2146409906
2146409906
2146409906
2146409906
2146409906
2146409906
2146409906
2146409906
2146409906
2146409906
2146409906
2146409906
2146409906
2146409906
2146409906
2146409906
2146409906
2146409906
2146409906
2146409906
2146409906
2146409906
2146409906
2146409906
2146409906
2146409906
2146409906
2146409906
2146409906
2146409906
2146409906
2146409906
2146409906
2146409906
2146409906
2146409906
2146409906
2146409906
2146409906
2146409906
2146409906
2146409906
2146409906
2146409906
2146409906
2146409906
2146409906
2146409906
2146409906
2146409906
2146409906
2146409906
2146409906
2146409906
2146409906
2146409906
2146409906
2146409906
2146409906
2146409906
2146409906
2146409906
2146409906
2146409906
2146409906
2146409906
2146409906
2146409906
2146409906
2146409906
2146409906
2146409906
2146409906
2146409906
2146409906
2146409906
2146409906
2146409906
2146409906
2146409906
2146409906
2146409906
2146409906
2146409906
2146409906
2146409906
2146409906
2146409906
2146409906
2146409906
2146409906
2146409906
2146409906
2146409906
2146409906
2146409906
2146409906
2146409906
2146409906
2146409906
2146409906
2146409906
2146409906
2146409906
2146409906
2146409906
2146409906
2146409906
2146409906
2146409906
2146409906
2146409906
2146409906
2146409906
2146409906
2146409906
2146409906
2146409906
2146409906
2146409906
2146409906
2146409906
2146409906
2146409906
2146409906
2146409906
2146409906
2146409906
2146409906
2146409906
2146409906
2146409906
2146409906
2146409906
2146409906
2146409906
2146409906
2146409906
2146409906
2146409906
2146409906
2146409906
2146409906
2146409906
2146409906
2146409906
2146409906
2146409906
2146409906
2146409906
2146409906
2146409906
2146409906
2146409906
2146409906
2146409906
2146409906
2146409906
2146409906
2146409906
2146409906
2146409906
2146409906
2146409906
2146409906
2146409906
2146409906
2146409906
2146409906
2146409906
2146409906
2146409906
2146409906
2146409906
2146409906
2146409906
2146409906
2146409906
2146409906
2146409906
2146409906
2146409906
2146409906
2146409906
2146409906
2146409906
2146409906
2146409906
2146409906
2146409906
2146409906
2146409906
2146409906
2146409906
2146409906
2146409906
2146409906
2146409906
2146409906
2146409906
2146409906
2146409906
2146409906
2146409906
2146409906
2146409906
2146409906
2146409906
2146409906
2146409906
2146409906
2146409906
2146409906
2146409906
2146409906
2146409906
2146409906
2146409906
2146409906
2146409906
2146409906
2146409906
2146409906
2146409906
2146409906
2146409906
2146409906
2146409906
2146409906
2146409906
2146409906
2146409906
2146409906
2146409906
2146409906
2146409906
2146409906
2146409906
2146409906
2146409906
2146409906
2146409906
2146409906
2146409906
2146409906
2146409906
2127438442
2099775203
2072332832
2045108914
2018101063
1991306927
1964724184
1938350543
1912183749
1886221574
1860461825
1834902341
1809540993
1784375684
1759404350
1734624961
1710035518
1685634057
1661418646
1637387388
1613538420
1589869911
1566380068
1543067130
1519945228
1519945228
1519945228
1519945228
1519945228
1519945228
1519945228
1519945228
1519945228
1519945228
1519945228
1519945228
1519945228
1519945228
1519945228
1519945228
1519945228
1519945228
1519945228
1519945228
1519945228
1519945228
1519945228
1519945228
1519945228
1519945228
1519945228
1519945228
1519945228
1519945228
1519945228
1519945228
1519945228
1519945228
1519945228
1519945228
1519945228
1519945228
1519945228
1519945228
1519945228
1519945228
1519945228
1519945228
1519945228
1519945228
1519945228
1519945228
1519945228
1519945228
1519945228
1519945228
1519945228
1519945228
1519945228
1519945228
1519945228
1519945228
1519945228
1519945228
1519945228
1519945228
1519945228
1519945228