1073741824
1065353216
1056964608
1048576000
1040187392
1031798784
1023410176
1015021568
1006632960
998244352
989855744
981467136
973078528
964689920
956301312
947912704
939524096
931135488
922746880
914358272
905969664
897581056
889192448
880803840
872415232
864026624
855638016
847249408
838860800
830472192
822083584
813694976
805306368
805306368
805306368
805306368
805306368
805306368
805306368
805306368
805306368
805306368
805306368
805306368
805306368
805306368
805306368
805306368
805306368
805306368
805306368
805306368
805306368
805306368
805306368
805306368
805306368
805306368
805306368
805306368
805306368
805306368
805306368
805306368