-1073741824
-536870912
-357913941
-268435456
-214748364
-178956970
-153391689
-134217728
-119304647
-107374182
-97612893
-89478485
-82595524
-76695844
-71582788
-67108864
-63161283
-59652323
-56512727
-53687091
-51130563
-48806446
-46684427
-44739242
-42949672
-41297762
-39768215
-38347922
-37025580
-35791394
-34636833
-33554432
-32537631
-31580641
-30678337
-29826161
-29020049
-28256363
-27531841
-26843545
-26188824
-25565281
-24970740
-24403223
-23860929
-23342213
-22845570
-22369621
-21913098
-21474836
-21053761
-20648881
-20259279
-19884107
-19522578
-19173961
-18837575
-18512790
-18199013
-17895697
-17602324
-17318416
-17043521
-16777216
-16519104
-16268815
-16025997
-15790320
-15561475
-15339168
-15123124
-14913080
-14708792
-14510024
-14316557
-14128181
-13944699
-13765920
-13591668
-13421772
-13256071
-13094412
-12936648
-12782640
-12632256
-12485370
-12341860
-12201611
-12064514
-11930464
-11799360
-11671106
-11545611
-11422785
-11302545
-11184810
-11069503
-10956549
-10845877
-10737418
-10631107
-10526880
-10424677
-10324440
-10226112
-10129639
-10034970
-9942053
-9850842
-9761289
-9673349
-9586980
-9502140
-9418787
-9336885
-9256395
-9177280
-9099506
-9023040
-8947848
-8873899
-8801162
-8729608
-8659208
-8589934
-8521760
-8454660
-8388608
-8323580
-8259552
-8196502
-8134407
-8073246
-8012998
-7953643
-7895160
-7837531
-7780737
-7724761
-7669584
-7615190
-7561562
-7508684
-7456540
-7405116
-7354396
-7304366
-7255012
-7206320
-7158278
-7110873
-7064090
-7017920
-6972349
-6927366
-6882960
-6839119
-6795834
-6753093
-6710886
-6669203
-6628035
-6587373
-6547206
-6507526
-6468324
-6429591
-6391320
-6353501
-6316128
-6279191
-6242685
-6206600
-6170930
-6135667
-6100805
-6066337
-6032257
-5998557
-5965232
-5932275
-5899680
-5867441
-5835553
-5804009
-5772805
-5741934
-5711392
-5681173
-5651272
-5621684
-5592405
-5563429
-5534751
-5506368
-5478274
-5450466
-5422938
-5395687
-5368709
-5341999
-5315553
-5289368
-5263440
-5237764
-5212338
-5187158
-5162220
-5137520
-5113056
-5088823
-5064819
-5041041
-5017485
-4994148
-4971026
-4948119
-4925421
-4902930
-4880644
-4858560
-4836674
-4814985
-4793490
-4772185
-4751070
-4730140
-4709393
-4688828
-4668442
-4648233
-4628197
-4608334
-4588640
-4569114
-4549753
-4530556
-4511520
-4492643
-4473924
-4455360
-4436949
-4418690
-4400581
-4382619
-4364804
-4347132
-4329604
-4312216
-4294967
-4277855
-4260880
-4244038
-4227330
-4210752
-4194304
-4177983
-4161790
-4145721
-4129776
-4113953
-4098251
-4082668
-4067203
-4051855
-4036623
-4021504
-4006499
-3991605
-3976821
-3962146
-3947580
-3933120
-3918765
-3904515
-3890368
-3876324
-3862380
-3848537
-3834792
-3821145
-3807595
-3794140
-3780781
-3767515
-3754342
-3741260
-3728270
-3715369
-3702558
-3689834
-3677198
-3664647
-3652183
-3639802
-3627506
-3615292
-3603160
-3591109
-3579139
-3567248
-3555436
-3543702
-3532045
-3520464
-3508960
-3497530
-3486174
-3474892
-3463683
-3452546
-3441480
-3430485
-3419559
-3408704
-3397917
-3387198
-3376546
-3365961
-3355443
-3344990
-3334601
-3324278
-3314017
-3303820
-3293686
-3283614
-3273603
-3263652
-3253763
-3243933
-3234162
-3224449
-3214795
-3205199
-3195660
-3186177
-3176750
-3167380
-3158064
-3148803
-3139595
-3130442
-3121342
-3112295
-3103300
-3094356
-3085465
-3076624
-3067833
-3059093
-3050402
-3041761
-3033168
-3024624
-3016128
-3007680
-2999278
-2990924
-2982616
-2974354
-2966137
-2957966
-2949840
-2941758
-2933720
-2925727
-2917776
-2909869
-2902004
-2894182
-2886402
-2878664
-2870967
-2863311
-2855696
-2848121
-2840586
-2833091
-2825636
-2818220
-2810842
-2803503
-2796202
-2788939
-2781714
-2774526
-2767375
-2760261
-2753184
-2746142
-2739137
-2732167
-2725233
-2718333
-2711469
-2704639
-2697843
-2691082
-2684354
-2677660
-2670999
-2664371
-2657776
-2651214
-2644684
-2638186
-2631720
-2625285
-2618882
-2612510
-2606169
-2599859
-2593579
-2587329
-2581110
-2574920
-2568760
-2562629
-2556528
-2550455
-2544411
-2538396
-2532409
-2526451
-2520520
-2514617
-2508742
-2502894
-2497074
-2491280
-2485513
-2479773
-2474059
-2468372
-2462710
-2457075
-2451465
-2445881
-2440322
-2434788
-2429280
-2423796
-2418337
-2412902
-2407492
-2402106
-2396745
-2391407
-2386092
-2380802
-2375535
-2370291
-2365070
-2359872
-2354696
-2349544
-2344414
-2339306
-2334221
-2329157
-2324116
-2319096
-2314098
-2309122
-2304167
-2299233
-2294320
-2289428
-2284557
-2279706
-2274876
-2270067
-2265278
-2260509
-2255760
-2251031
-2246321
-2241632
-2236962
-2232311
-2227680
-2223067
-2218474
-2213900
-2209345
-2204808
-2200290
-2195791
-2191309
-2186846
-2182402
-2177975
-2173566
-2169175
-2164802
-2160446
-2156108
-2151787
-2147483
-2143197
-2138927
-2134675
-2130440
-2126221
-2122019
-2117833
-2113665
-2109512
-2105376
-2101256
-2097152
-2093063
-2088991
-2084935
-2080895
-2076870
-2072860
-2068866
-2064888
-2060924
-2056976
-2053043
-2049125
-2045222
-2041334
-2037460
-2033601
-2029757
-2025927
-2022112
-2018311
-2014524
-2010752
-2006994
-2003249
-1999519
-1995802
-1992099
-1988410
-1984735
-1981073
-1977425
-1973790
-1970168
-1966560
-1962964
-1959382
-1955813
-1952257
-1948714
-1945184
-1941666
-1938162
-1934669
-1931190
-1927723
-1924268
-1920826
-1917396
-1913978
-1910572
-1907179
-1903797
-1900428
-1897070
-1893724
-1890390
-1887068
-1883757
-1880458
-1877171
-1873894
-1870630
-1867377
-1864135
-1860904
-1857684
-1854476
-1851279
-1848092
-1844917
-1841752
-1838599
-1835456
-1832323
-1829202
-1826091
-1822991
-1819901
-1816822
-1813753
-1810694
-1807646
-1804608
-1801580
-1798562
-1795554
-1792557
-1789569
-1786592
-1783624
-1780666
-1777718
-1774779
-1771851
-1768932
-1766022
-1763122
-1760232
-1757351
-1754480
-1751617
-1748765
-1745921
-1743087
-1740262
-1737446
-1734639
-1731841
-1729052
-1726273
-1723502
-1720740
-1717986
-1715242
-1712506
-1709779
-1707061
-1704352
-1701651
-1698958
-1696274
-1693599
-1690932
-1688273
-1685622
-1682980
-1680347
-1677721
-1675104
-1672495
-1669893
-1667300
-1664716
-1662139
-1659570
-1657008
-1654455
-1651910
-1649373
-1646843
-1644321
-1641807
-1639300
-1636801
-1634310
-1631826
-1629350
-1626881
-1624420
-1621966
-1619520
-1617081
-1614649
-1612224
-1609807
-1607397
-1604995
-1602599
-1600211
-1597830
-1595455
-1593088
-1590728
-1588375
-1586029
-1583690
-1581357
-1579032
-1576713
-1574401
-1572096
-1569797
-1567506
-1565221
-1562942
-1560671
-1558406
-1556147
-1553895
-1551650
-1549411
-1547178
-1544952
-1542732
-1540519
-1538312
-1536111
-1533916
-1531728
-1529546
-1527371
-1525201
-1523038
-1520880
-1518729
-1516584
-1514445
-1512312
-1510185
-1508064
-1505949
-1503840
-1501736
-1499639
-1497547
-1495462
-1493382
-1491308
-1489239
-1487177
-1485120
-1483068
-1481023
-1478983
-1476948
-1474920
-1472896
-1470879
-1468867
-1466860
-1464859
-1462863
-1460873
-1458888
-1456908
-1454934
-1452965
-1451002
-1449044
-1447091
-1445143
-1443201
-1441264
-1439332
-1437405
-1435483
-1433567
-1431655
-1429749
-1427848
-1425951
-1424060
-1422174
-1420293
-1418417
-1416545
-1414679
-1412818
-1410961
-1409110
-1407263
-1405421
-1403584
-1401751
-1399924
-1398101
-1396283
-1394469
-1392661
-1390857
-1389057
-1387263
-1385473
-1383687
-1381907
-1380130
-1378359
-1376592
-1374829
-1373071
-1371317
-1369568
-1367823
-1366083
-1364347
-1362616
-1360889
-1359166
-1357448
-1355734
-1354024
-1352319
-1350618
-1348921
-1347229
-1345541
-1343857
-1342177
-1340501
-1338830
-1337162
-1335499
-1333840
-1332185
-1330535
-1328888
-1327245
-1325607
-1323972
-1322342
-1320715
-1319093
-1317474
-1315860
-1314249
-1312642
-1311040
-1309441
-1307846
-1306255
-1304668
-1303084
-1301505
-1299929
-1298357
-1296789
-1295225
-1293664
-1292108
-1290555
-1289005
-1287460
-1285918
-1284380
-1282845
-1281314
-1279787
-1278264
-1276744
-1275227
-1273715
-1272205
-1270700
-1269198
-1267699
-1266204
-1264713
-1263225
-1261741
-1260260
-1258782
-1257308
-1255838
-1254371
-1252907
-1251447
-1249990
-1248537
-1247086
-1245640
-1244196
-1242756
-1241320
-1239886
-1238456
-1237029
-1235606
-1234186
-1232769
-1231355
-1229944
-1228537
-1227133
-1225732
-1224335
-1222940
-1221549
-1220161
-1218776
-1217394
-1216015
-1214640
-1213267
-1211898
-1210531
-1209168
-1207808
-1206451
-1205097
-1203746
-1202398
-1201053
-1199711
-1198372
-1197036
-1195703
-1194373
-1193046
-1191722
-1190401
-1189082
-1187767
-1186455
-1185145
-1183838
-1182535
-1181234
-1179936
-1178640
-1177348
-1176058
-1174772
-1173488
-1172207
-1170928
-1169653
-1168380
-1167110
-1165843
-1164578
-1163317
-1162058
-1160801
-1159548
-1158297
-1157049
-1155803
-1154561
-1153320
-1152083
-1150848
-1149616
-1148386
-1147160
-1145935
-1144714
-1143495
-1142278
-1141064
-1139853
-1138644
-1137438
-1136234
-1135033
-1133835
-1132639
-1131445
-1130254
-1129066
-1127880
-1126696
-1125515
-1124336
-1123160
-1121987
-1120816
-1119647
-1118481
-1117317
-1116155
-1114996
-1113840
-1112685
-1111533
-1110384
-1109237
-1108092
-1106950
-1105810
-1104672
-1103537
-1102404
-1101273
-1100145
-1099019
-1097895
-1096774
-1095654
-1094538
-1093423
-1092311
-1091201
-1090093
-1088987
-1087884
-1086783
-1085684
-1084587
-1083493
-1082401
-1081311
-1080223
-1079137
-1078054
-1076972
-1075893
-1074816
-1073741
-1072669
-1071598
-1070530
-1069463
-1068399
-1067337
-1066277
-1065220
-1064164
-1063110
-1062059
-1061009
-1059962
-1058916
-1057873
-1056832
-1055793
-1054756
-1053721
-1052688
-1051657
-1050628
-1049601
-1048576
524544
524800
525057
525314
525571
525828
526086
526344
526602
526860
527119
527378
527637
527896
528156
528416
528676
528936
529197
529458
529719
529981
530242
530504
530767
531029
531292
531555
531818
532082
532345
532610
532874
533138
533403
533668
533934
534199
534465
534731
534998
535265
535532
535799
536066
536334
536602
536870
537139
537408
537677
537946
538216
538486
538756
539027
539297
539568
539840
540111
540383
540655
540927
541200
541473
541746
542020
542293
542567
542842
543116
543391
543666
543942
544217
544493
544770
545046
545323
545600
545877
546155
546433
546711
546990
547269
547548
547827
548107
548387
548667
548947
549228
549509
549791
550072
550354
550636
550919
551202
551485
551768
552052
552336
552620
552905
553190
553475
553760
554046
554332
554618
554905
555192
555479
555766
556054
556342
556631
556920
557209
557498
557787
558077
558368
558658
558949
559240
559531
559823
560115
560408
560700
560993
561286
561580
561874
562168
562462
562757
563052
563348
563644
563940
564236
564533
564829
565127
565424
565722
566020
566319
566618
566917
567217
567516
567816
568117
568418
568719
569020
569322
569624
569926
570229
570532
570835
571139
571443
571747
572052
572357
572662
572967
573273
573580
573886
574193
574500
574808
575116
575424
575732
576041
576350
576660
576970
577280
577591
577901
578213
578524
578836
579148
579461
579774
580087
580400
580714
581029
581343
581658
581973
582289
582605
582921
583238
583555
583872
584190
584508
584826
585145
585464
585783
586103
586423
586744
587064
587386
587707
588029
588351
588674
588997
589320
589644
589968
590292
590617
590942
591267
591593
591919
592245
592572
592899
593227
593555
593883
594212
594541
594870
595200
595530
595861
596192
596523
596854
597186
597519
597851
598184
598518
598852
599186