524544
524800
525057
525314
525571
525828
526086
526344
526602
526860
527119
527378
527637
527896
528156
528416
528676
528936
529197
529458
529719
529981
530242
530504
530767
531029
531292
531555
531818
532082
532345
532610
532874
533138
533403
533668
533934
534199
534465
534731
534998
535265
535532
535799
536066
536334
536602
536870
537139
537408
537677
537946
538216
538486
538756
539027
539297
539568
539840
540111
540383
540655
540927
541200
541473
541746
542020
542293
542567
542842
543116
543391
543666
543942
544217
544493
544770
545046
545323
545600
545877
546155
546433
546711
546990
547269
547548
547827
548107
548387
548667
548947
549228
549509
549791
550072
550354
550636
550919
551202
551485
551768
552052
552336
552620
552905
553190
553475
553760
554046
554332
554618
554905
555192
555479
555766
556054
556342
556631
556920
557209
557498
557787
558077
558368
558658
558949
559240
559531
559823
560115
560408
560700
560993
561286
561580
561874
562168
562462
562757
563052
563348
563644
563940
564236
564533
564829
565127
565424
565722
566020
566319
566618
566917
567217
567516
567816
568117
568418
568719
569020
569322
569624
569926
570229
570532
570835
571139
571443
571747
572052
572357
572662
572967
573273
573580
573886
574193
574500
574808
575116
575424
575732
576041
576350
576660
576970
577280
577591
577901
578213
578524
578836
579148
579461
579774
580087
580400
580714
581029
581343
581658
581973
582289
582605
582921
583238
583555
583872
584190
584508
584826
585145
585464
585783
586103
586423
586744
587064
587386
587707
588029
588351
588674
588997
589320
589644
589968
590292
590617
590942
591267
591593
591919
592245
592572
592899
593227
593555
593883
594212
594541
594870
595200
595530
595861
596192
596523
596854
597186
597519
597851
598184
598518
598852
599186
599520
599855
600191
600526
600862
601199
601536
601873
602210
602548
602887
603225
603564
603904
604244
604584
604924
605265
605607
605949
606291
606633
606976
607320
607663
608007
608352
608697
609042
609388
609734
610080
610427
610774
611122
611470
611818
612167
612516
612866
613216
613566
613917
614268
614620
614972
615324
615677
616030
616384
616738
617093
617447
617803
618158
618514
618871
619228
619585
619943
620301
620660
621018
621378
621738
622098
622459
622820
623181
623543
623905
624268
624631
624995
625359
625723
626088
626453
626819
627185
627552
627919
628286
628654
629022
629391
629760
630130
630500
630870
631241
631612
631984
632356
632729
633102
633476
633849
634224
634599
634974
635350
635726
636102
636480
636857
637235
637613
637992
638372
638751
639132
639512
639893
640275
640657
641039
641422
641806
642190
642574
642959
643344
643730
644116
644502
644889
645277
645665
646054
646443
646832
647222
647612
648003
648394
648786
649178
649571
649964
650358
650752
651147
651542
651937
652334
652730
653127
653525
653923
654321
654720
655120
655520
655920
656321
656722
657124
657527
657930
658333
658737
659141
659546
659951
660357
660764
661171
661578
661986
662394
662803
663212
663622
664033
664444
664855
665267
665679
666092
666506
666920
667334
667749
668165
668581
668998
669415
669832
670250
670669
671088
671508
671928
672349
672770
673192
673614
674037
674460
674884
675309
675734
676159
676585
677012
677439
677867
678295
678724
679153
679583
680013
680444
680876
681308
681740
682173
682607
683041
683476
683911
684347
684784
685221
685658
686097
686535
686974
687414
687855
688296
688737
689179
689622
690065
690509
690953
691398
691843
692290
692736
693183
693631
694080
694528
694978
695428
695879
696330
696782
697234
697687
698141
698595
699050
699506
699962
700418
700875
701333
701792
702251
702710
703170
703631
704092
704555
705017
705480
705944
706409
706874
707339
707806
708272
708740
709208
709677
710146
710616
711087
711558
712030
712502
712975
713449
713924
714399
714874
715350
715827
716305
716783
717262
717741
718221
718702
719184
719666
720148
720632
721116
721600
722085
722571
723058
723545
724033
724522
725011
725501
725991
726482
726974
727467
727960
728454
728948
729444
729940
730436
730933
731431
731930
732429
732929
733430
733931
734433
734936
735439
735943
736448
736953
737460
737966
738474
738982
739491
740001
740511
741022
741534
742046
742560
743073
743588
744103
744619
745136
745654
746172
746691
747210
747731
748252
748773
749296
749819
750343
750868
751393
751920
752446
752974
753503
754032
754562
755092
755624
756156
756689
757222
757757
758292
758828
759364
759902
760440
760979
761519
762059
762600
763142
763685
764229
764773
765318
765864
766411
766958
767506
768055
768605
769156
769707
770259
770812
771366
771920
772476
773032
773589
774146
774705
775264
775825
776385
776947
777510
778073
778638
779203
779768
780335
780903
781471
782040
782610
783181
783753
784325
784898
785473
786048
786624
787200
787778
788356
788935
789516
790097
790678
791261
791845
792429
793014
793600
794187
794775
795364
795953
796544
797135
797727
798321
798915
799509
800105
800702
801299
801898
802497
803097
803698
804300
804903
805507
806112
806718
807324
807932
808540
809149
809760
810371
810983
811596
812210
812824
813440
814057
814675
815293
815913
816533
817155
817777
818400
819025
819650
820276
820903
821531
822160
822790
823421
824053
824686
825320
825955
826591
827227
827865
828504
829144
829785
830426
831069
831713
832358
833003
833650
834298
834946
835596
836247
836899
837552
838205
838860
839516
840173
840831
841490
842150
842811
843473
844136
844800
845466
846132
846799
847467
848137
848807
849479
850151
850825
851500
852176
852852
853530
854209
854889
855571
856253
856936
857621
858306
858993
859681
860370
861060
861751
862443
863136
863830
864526
865223
865920
866619
867319
868020
868723
869426
870131
870836
871543
872251
872960
873671
874382
875095
875808
876523
877240
877957
878675
879395
880116
880838
881561
882285
883011
883738
884466
885195
885925
886657
887389
888123
888859
889595
890333
891072
891812
892553
893296
894039
894784
895531
896278
897027
897777
898528
899281
900035
900790
901546
902304
903062
903823
904584
905347
906111
906876
907643
908411
909180
909950
910722
911495
912270
913045
913822
914601
915380
916161
916944
917728
918513
919299
920087
920876
921666
922458
923251
924046
924842
925639
926438
927238
928039
928842
929646
930452
931259
932067
932877
933688
934501
935315
936130
936947
937765
938585
939406
940229
941053
941878
942705
943534
944363
945195
946028
946862
947697
948535
949373
950214
951055
951898
952743
953589
954437
955286
956136
956989
957842
958698
959554
960413
961272
962134
962997
963861
964727
965595
966464
967334
968207
969081
969956
970833
971712
972592
973474
974357
975242
976128
977017
977906
978798
979691
980586
981482
982380
983280
984181
985084
985988
986895
987802
988712
989623
990536
991451
992367
993285
994205
995126
996049
996974
997901
998829
999759
1000691
1001624
1002560
1003497
1004435
1005376
1006318
1007262
1008208
1009155
1010105
1011056
1012009
1012963
1013920
1014878
1015839
1016800
1017764
1018730
1019697
1020667
1021638
1022611
1023586
1024562
1025541
1026521
1027504
1028488
1029474
1030462
1031452
1032444
1033437
1034433
1035430
1036430
1037431
1038435
1039440
1040447
1041456
1042467
1043480
1044495
1045512
1046531
1047552
1048576
0
94906266
134217728
164382474
189812531
212216861
232471924
251098377
268435456
284718797
300119964
314768473
328764948
342189407
355106730
367570386
379625062
391308558
402653184
413686821
424433723
434915146
445149844
455154460
464943848
474531328
483928900
493147422
502196753
511085882
519823025
528415724
536870912
545194988
553393869
561473039
569437594
577292276
585041513
592689439
600239927
607696610
615062898
622342002
629536947
636650584
643685611
650644577
657529896
664343859
671088640
677766303
684378814
690928043
697415773
703843704
710213460
716526592
722784585
728988859
735140772
741241630
747292683
753295130
759250125
765158775
771022147
776841264
782617115
788350651
794042787
799694409
805306368
810879489
816414567
821912370
827373642
832799101
838189443
843545340
848867446
854156391
859412787
864637229
869830292
874992535
880124500
885226714
890299688
895343919
900359891
905348072
910308921
915242881
920150384
925031853
929887697
934718315
939524096
944305420
949062656
953796165
958506298
963193399
967857801
972499831
977119809
981718045
986294844
990850503
995385311
999899554
1004393507
1008867442
1013321625
1017756314
1022171763
1026568221
1030945931
1035305130
1039646051
1043968922
1048273967
1052561404
1056831447
1061084307
1065320189
1069539296
1073741824
1077927968
1082097918
1086251860
1090389977
1094512449
1098619452
1102711159
1106787739
1110849359
1114896182
1118928370
1122946079
1126949464
1130938678
1134913870
1138875187
1142822774
1146756771
1150677318
1154584553
1158478610
1162359621
1166227717
1170083026
1173925673
1177755783
1181573478
1185378878
1189172100
1192953261
1196722475
1200479854
1204225510
1207959552
1211682086
1215393219
1219093055
1222781696
1226459243
1230125796
1233781453
1237426310
1241060463
1244684005
1248297028
1251899625
1255491884
1259073893
1262645741
1266207514
1269759295
1273301169
1276833217
1280355523
1283868164
1287371222
1290864773
1294348895
1297823663
1301289153
1304745438
1308192592
1311630686
1315059792
1318479979
1321891318
1325293875
1328687719
1332072916
1335449532
1338817632
1342177280
1345528539
1348871473
1352206141
1355532607
1358850929
1362161168
1365463381
1368757628
1372043966
1375322451
1378593139
1381856086
1385111346
1388358974
1391599023
1394831545
1398056593
1401274219
1404484474
1407687407
1410883069
1414071510
1417252777
1420426919
1423593984
1426754019
1429907071
1433053185
1436192407
1439324782
1442450355
1445569171
1448681271
1451786701
1454885502
1457977717
1461063388
1464142555
1467215261
1470281545
1473341447
1476395008
1479442266
1482483261
1485518030
1488546612
1491569045
1494585366
1497595611
1500599818
1503598022
1506590260
1509576567
1512556978
1515531527